3.18	,28.36	,120.11	,0.00	,
3.48	,28.34	,120.16	,0.00	,
3.78	,28.33	,120.17	,0.00	,
4.08	,28.33	,120.16	,0.00	,
4.38	,28.35	,120.13	,0.00	,
4.68	,28.38	,120.06	,0.00	,
4.97	,28.42	,119.97	,0.00	,
5.27	,28.48	,119.85	,0.00	,
5.57	,28.55	,119.70	,0.00	,
5.87	,28.63	,119.53	,0.00	,
6.16	,28.72	,119.33	,0.00	,
6.45	,28.83	,119.11	,0.00	,
6.75	,28.95	,118.86	,0.00	,
7.04	,29.08	,118.59	,0.00	,
7.33	,29.22	,118.29	,0.00	,
7.61	,29.37	,117.96	,0.00	,
7.90	,29.54	,117.62	,0.00	,
8.18	,29.71	,117.25	,0.00	,
8.46	,29.90	,116.85	,0.00	,
8.74	,30.09	,116.44	,0.00	,
9.01	,30.30	,116.01	,0.00	,
9.28	,30.51	,115.55	,0.00	,
9.55	,30.73	,115.07	,0.00	,
9.81	,30.97	,114.58	,0.00	,
10.07	,31.21	,114.07	,0.00	,
10.33	,31.46	,113.54	,0.00	,
10.59	,31.72	,112.99	,0.00	,
10.83	,31.98	,112.42	,0.00	,
11.08	,32.26	,111.84	,0.00	,
11.32	,32.54	,111.25	,0.00	,
11.55	,32.82	,110.64	,0.00	,
11.78	,33.12	,110.01	,0.00	,
12.01	,33.41	,109.38	,0.00	,
12.23	,33.72	,108.73	,0.00	,
12.44	,34.03	,108.07	,0.00	,
12.65	,34.34	,107.40	,0.00	,
12.85	,34.66	,106.71	,0.00	,
13.05	,34.98	,106.02	,0.00	,
13.24	,35.31	,105.32	,0.00	,
13.42	,35.64	,104.61	,0.00	,
13.60	,35.98	,103.90	,0.00	,
13.77	,36.31	,103.18	,0.00	,
13.93	,36.65	,102.45	,0.00	,
14.08	,36.99	,101.72	,0.00	,
14.23	,37.34	,100.98	,0.00	,
14.37	,37.68	,100.23	,0.00	,
14.50	,38.03	,99.49	,0.00	,
14.62	,38.38	,98.74	,0.00	,
14.73	,38.73	,97.99	,0.00	,
14.84	,39.08	,97.23	,0.00	,
14.93	,39.43	,96.48	,0.00	,
15.02	,39.77	,95.72	,0.00	,
15.09	,40.12	,94.97	,0.00	,
15.16	,40.47	,94.21	,0.00	,
15.21	,40.82	,93.46	,0.00	,
15.26	,41.16	,92.71	,0.00	,
15.29	,41.51	,91.96	,0.00	,
15.31	,41.85	,91.22	,0.00	,
15.32	,42.19	,90.48	,0.00	,
15.32	,42.53	,89.74	,0.00	,
15.31	,42.86	,89.01	,0.00	,
15.29	,43.19	,88.28	,0.00	,
15.25	,43.52	,87.56	,0.00	,
15.21	,43.85	,86.85	,0.00	,
15.15	,44.17	,86.15	,0.00	,
15.07	,44.49	,85.45	,0.00	,
14.99	,44.80	,84.76	,0.00	,
14.89	,45.11	,84.08	,0.00	,
14.78	,45.41	,83.41	,0.00	,
14.65	,45.71	,82.75	,0.00	,
14.52	,46.00	,82.10	,0.00	,
14.36	,46.29	,81.47	,0.00	,
14.20	,46.57	,80.84	,0.00	,
14.02	,46.84	,80.23	,0.00	,
13.83	,47.11	,79.63	,0.00	,
13.62	,47.37	,79.05	,0.00	,
13.40	,47.63	,78.48	,0.00	,
13.17	,47.88	,77.93	,0.00	,
12.93	,48.12	,77.39	,0.00	,
12.67	,48.35	,76.87	,0.00	,
12.40	,48.57	,76.37	,0.00	,
12.11	,48.79	,75.88	,0.00	,
11.81	,49.00	,75.41	,0.00	,
11.50	,49.20	,74.96	,0.00	,
11.18	,49.39	,74.53	,0.00	,
10.85	,49.57	,74.12	,0.00	,
10.50	,49.74	,73.73	,0.00	,
10.15	,49.90	,73.36	,0.00	,
9.78	,50.06	,73.01	,0.00	,
9.40	,50.20	,72.69	,0.00	,
9.01	,50.33	,72.38	,0.00	,
8.62	,50.46	,72.10	,0.00	,
8.22	,50.57	,71.84	,0.00	,
7.80	,50.67	,71.61	,0.00	,
7.38	,50.77	,71.40	,0.00	,
6.96	,50.85	,71.21	,0.00	,
6.53	,50.92	,71.04	,0.00	,
6.09	,50.98	,70.90	,0.00	,
5.65	,51.03	,70.79	,0.00	,
5.21	,51.07	,70.70	,0.00	,
4.76	,51.10	,70.63	,0.00	,
4.32	,51.12	,70.59	,0.00	,
3.87	,51.12	,70.58	,0.00	,
3.42	,51.12	,70.59	,0.00	,
2.97	,51.11	,70.62	,0.00	,
2.52	,51.08	,70.68	,0.00	,
2.08	,51.04	,70.76	,0.00	,
1.64	,50.99	,70.87	,0.00	,
1.20	,50.94	,71.01	,0.00	,
0.77	,50.87	,71.17	,0.00	,
0.34	,50.79	,71.35	,0.00	,
-0.08	,50.70	,71.55	,0.00	,
-0.49	,50.60	,71.78	,0.00	,
-0.90	,50.48	,72.04	,0.00	,
-1.29	,50.36	,72.31	,0.00	,
-1.68	,50.23	,72.61	,0.00	,
-2.06	,50.09	,72.93	,0.00	,
-2.43	,49.94	,73.28	,0.00	,
-2.79	,49.78	,73.64	,0.00	,
-3.14	,49.61	,74.03	,0.00	,
-3.47	,49.43	,74.43	,0.00	,
-3.80	,49.24	,74.86	,0.00	,
-4.11	,49.04	,75.30	,0.00	,
-4.41	,48.84	,75.77	,0.00	,
-4.70	,48.62	,76.25	,0.00	,
-4.98	,48.40	,76.75	,0.00	,
-5.24	,48.17	,77.27	,0.00	,
-5.49	,47.93	,77.80	,0.00	,
-5.72	,47.69	,78.35	,0.00	,
-5.94	,47.43	,78.91	,0.00	,
-6.15	,47.17	,79.49	,0.00	,
-6.35	,46.91	,80.09	,0.00	,
-6.53	,46.63	,80.70	,0.00	,
-6.70	,46.35	,81.32	,0.00	,
-6.85	,46.07	,81.95	,0.00	,
-6.99	,45.78	,82.60	,0.00	,
-7.12	,45.48	,83.25	,0.00	,
-7.24	,45.18	,83.92	,0.00	,
-7.34	,44.87	,84.60	,0.00	,
-7.43	,44.56	,85.28	,0.00	,
-7.50	,44.24	,85.98	,0.00	,
-7.56	,43.92	,86.68	,0.00	,
-7.62	,43.60	,87.39	,0.00	,
-7.65	,43.27	,88.11	,0.00	,
-7.68	,42.94	,88.84	,0.00	,
-7.69	,42.61	,89.57	,0.00	,
-7.70	,42.27	,90.30	,0.00	,
-7.69	,41.93	,91.04	,0.00	,
-7.67	,41.59	,91.79	,0.00	,
-7.64	,41.25	,92.53	,0.00	,
-7.59	,40.90	,93.28	,0.00	,
-7.54	,40.55	,94.04	,0.00	,
-7.48	,40.21	,94.79	,0.00	,
-7.41	,39.86	,95.54	,0.00	,
-7.32	,39.51	,96.30	,0.00	,
-7.23	,39.16	,97.05	,0.00	,
-7.13	,38.81	,97.81	,0.00	,
-7.02	,38.46	,98.56	,0.00	,
-6.90	,38.11	,99.31	,0.00	,
-6.77	,37.77	,100.06	,0.00	,
-6.64	,37.42	,100.80	,0.00	,
-6.49	,37.08	,101.54	,0.00	,
-6.34	,36.73	,102.28	,0.00	,
-6.18	,36.39	,103.00	,0.00	,
-6.01	,36.06	,103.73	,0.00	,
-5.84	,35.72	,104.45	,0.00	,
-5.66	,35.39	,105.16	,0.00	,
-5.47	,35.06	,105.86	,0.00	,
-5.27	,34.74	,106.55	,0.00	,
-5.07	,34.42	,107.23	,0.00	,
-4.87	,34.10	,107.91	,0.00	,
-4.65	,33.79	,108.57	,0.00	,
-4.43	,33.49	,109.22	,0.00	,
-4.21	,33.19	,109.86	,0.00	,
-3.98	,32.89	,110.49	,0.00	,
-3.75	,32.60	,111.10	,0.00	,
-3.51	,32.32	,111.70	,0.00	,
-3.26	,32.05	,112.29	,0.00	,
-3.02	,31.78	,112.85	,0.00	,
-2.76	,31.52	,113.41	,0.00	,
-2.51	,31.27	,113.94	,0.00	,
-2.25	,31.02	,114.46	,0.00	,
-1.98	,30.79	,114.96	,0.00	,
-1.72	,30.56	,115.44	,0.00	,
-1.45	,30.35	,115.90	,0.00	,
-1.17	,30.14	,116.34	,0.00	,
-0.90	,29.94	,116.76	,0.00	,
-0.62	,29.75	,117.16	,0.00	,
-0.34	,29.58	,117.53	,0.00	,
-0.05	,29.41	,117.88	,0.00	,
0.23	,29.25	,118.21	,0.00	,
0.52	,29.11	,118.52	,0.00	,
0.81	,28.98	,118.80	,0.00	,
1.10	,28.86	,119.05	,0.00	,
1.40	,28.75	,119.28	,0.00	,
1.69	,28.65	,119.49	,0.00	,
1.99	,28.57	,119.67	,0.00	,
2.28	,28.50	,119.82	,0.00	,
2.58	,28.44	,119.94	,0.00	,
2.88	,28.39	,120.04	,0.00	,
3.18	,28.36	,120.11	,0.00	,
